C:\Users\catal\AppData\Local\Programs\Python\Python38-32\python.exe "C:/Users/catal/Desktop/CN - tema5/Tema5.py"

-------------------------------------300---------------------------------------------------------------------

Timp citire date din fisier a_300.txt: 0.04188871383666992 secunde
Numar randuri: p = 300
Numar coloane: n = 300

Verificare simetrie matrice citita: True
Numarul maxim de valori nenule pe linie a matricii citite: 71

Timp determinare vectori si valori proprii a matricii citite: 0.14760613441467285 secunde

Aproximare a valorii proprii de modul maxim a matricei citite A:
lambda = 2019.9999999999955

Aproximare vector propriu asociat acestei autovalori:
v = [ 9.93358141e-01  9.28148218e-40 -1.95190716e-02  1.52067804e-35
 -7.14047391e-04  2.95953610e-33 -7.94739314e-03  6.22869725e-32
 -1.71112551e-02  2.26598686e-30 -1.36194263e-02  1.61630132e-29
 -2.28540840e-02  1.49878937e-28 -1.79341604e-02  1.02050976e-27
 -9.69292690e-03  7.86409413e-28 -6.98289629e-03  2.16567917e-26
 -2.13209375e-02  8.54458500e-26 -2.31403119e-02  3.31018510e-26
 -3.69964853e-04  6.55930311e-25 -1.65722939e-02  2.45561651e-25
 -4.75777846e-03  1.80635748e-24 -2.55702046e-03  2.78667198e-24
 -8.40033365e-03  1.83858329e-23 -2.02673750e-02  3.86535955e-23
 -1.04709188e-02  1.17094205e-22  9.11834526e-23  2.28101706e-22
 -7.05978199e-03  2.86746524e-22 -1.47148572e-03  8.74965504e-23
 -3.31445879e-03  6.23760601e-22 -4.43044330e-03  1.62702218e-21
  1.41812714e-21  2.76609724e-21 -2.17335320e-03  6.14100698e-21
 -1.19682869e-02  1.12841155e-20 -1.08012990e-02  8.04656417e-21
 -5.23431755e-03  1.26978457e-20 -2.03252296e-02  4.43930415e-20
  2.44598609e-20  6.79893062e-20 -1.48648224e-02  1.02727876e-19
 -1.58140944e-02  1.36228284e-19  1.03525795e-19  1.75719534e-19
 -2.10666818e-02  2.19549224e-19  1.76004861e-19  1.58325127e-19
 -7.17929738e-03  6.78205024e-19 -4.44414570e-03  7.46072232e-19
  5.05295645e-19  1.19515975e-18 -1.81328453e-02  1.24573945e-18
 -8.78171717e-03  1.14484373e-18 -5.77632367e-03  3.52354129e-18
 -5.73902269e-03  4.25281009e-18 -4.17618762e-03  2.15031522e-18
 -6.35639202e-04  3.83988971e-18  5.54133290e-18  8.94223198e-18
 -1.78207350e-03  1.35163124e-17 -2.09897961e-02  1.77714209e-17
 -1.34778348e-02  5.80864876e-18 -1.95578951e-02  1.13299343e-17
  3.86835663e-17  3.41984490e-17  1.66383905e-17  5.65955203e-17
  4.98499887e-17  3.22212494e-17  9.10112851e-18  5.13552636e-17
  4.63138198e-17  6.51900101e-17  8.79946182e-17  1.15355544e-16
 -1.68235046e-02  8.29715485e-17  1.39421359e-16  5.20103759e-17
 -7.46248036e-03  1.62383626e-16 -1.52279360e-02  8.08150658e-17
  1.80042876e-16  3.00562771e-16 -2.14640514e-02  4.95083019e-16
 -2.38870928e-02  3.80972149e-16 -2.05596929e-02  7.48041563e-16
 -1.08538248e-02  5.71925843e-16 -3.64940639e-03  1.25547986e-15
 -1.63469655e-02  8.48083316e-16  1.68146424e-15  4.11284120e-16
  1.13095028e-15  7.45856905e-16 -5.65528579e-03  2.39806300e-15
  2.63053805e-15  1.08137386e-15 -2.29134611e-02  3.89099832e-15
  4.25728452e-15  2.58620690e-15  3.39142907e-15  2.46926914e-15
  3.36897378e-15  5.14506119e-15  8.01320866e-16  5.23870605e-15
  3.80324873e-15  4.13938192e-15 -5.09272606e-03  1.10145923e-14
 -2.21819050e-02  1.15541567e-14 -9.07784130e-03  8.50424798e-15
 -4.28961306e-03  7.99578885e-15  1.08271711e-14  2.34463995e-15
 -1.47757568e-02  1.64688218e-14  2.37416145e-14  3.20720558e-15
  6.92888403e-15  1.87030364e-14  1.61478818e-14  1.74195101e-14
  3.75660441e-14  5.06111685e-15 -1.94619783e-02  4.69743528e-14
 -1.55537487e-02  2.72035861e-14 -1.23024732e-02  3.93204706e-14
  7.60624166e-14  2.72367594e-14  5.84953782e-14  9.41846971e-14
  8.98314879e-14  9.63528130e-14  6.45679542e-14  1.10725631e-13
  4.44867670e-14  6.35276720e-14  1.19024934e-13  3.63958700e-14
 -1.94208710e-02  1.24933779e-13  1.33569511e-13  1.90337803e-13
  7.62585128e-14  1.62893915e-13  2.31892187e-13  1.23753096e-13
  2.64085691e-13  2.11263850e-13 -5.08206864e-03  2.80153694e-13
  2.13243762e-13  3.18037288e-13  1.45158303e-13  1.54543501e-13
  2.19314753e-13  3.50032378e-13 -2.13666121e-02  2.63956475e-13
  2.10456448e-13  5.21895113e-13  4.75288565e-13  4.20702319e-13
  1.78695112e-13  7.58805623e-13  9.05987361e-13  4.27229250e-13
  1.01964315e-12  8.40993898e-13 -7.25846682e-03  6.74994726e-13
  4.29141117e-13  3.03072018e-13  1.28390316e-12  6.79702925e-13
  1.07924155e-12  9.51783144e-13  1.20840670e-12  1.91731050e-12
 -1.66864806e-02  2.38183835e-13  5.03521874e-13  2.12839467e-12
  1.40541518e-12  1.48448763e-12 -4.03916360e-03  1.65509255e-12
  2.09642312e-12  1.10618343e-12  2.33420473e-12  4.10368370e-13
  8.65556115e-13  1.82525069e-12  3.84819008e-12  1.52089504e-12
  2.13676932e-12  5.06487532e-12  2.37096153e-12  1.24836954e-12
  3.94297626e-12  2.76696996e-12  2.18398543e-12  6.12795649e-12
 -2.06297274e-03  6.78035294e-12  1.78251448e-12  4.68521651e-12
  9.84992065e-13  1.03519681e-12  8.70203557e-12  1.02848910e-11
  3.60100523e-12  1.13451416e-11 -1.48062066e-03  6.94749853e-12
  1.16674450e-11  1.22440490e-11  1.28468574e-11  1.17923383e-11
  5.30080469e-12  9.26474473e-12  3.88562739e-12  1.01834329e-11
 -1.92511135e-02  6.71134769e-12  2.34401712e-12  1.96449321e-11
  1.28605132e-11  2.69367096e-12  1.69231440e-11  8.85861469e-12
  2.16365173e-11  3.23492762e-12  1.69254724e-11  3.54167314e-12
  7.40982734e-12  3.48756748e-11  1.21572752e-11  2.11862069e-11
  8.85962208e-12  2.77825870e-11  3.87152735e-11  3.53994423e-11
  4.22697778e-11  1.10394533e-11  5.76542842e-12  3.61271497e-11]

Semn determinant = -1.0, Logaritm determinant = 2223.2941648206597
Determinant |A - lambda * I| = -8.218407461554972e+307

-------------------------------------500---------------------------------------------------------------------

Timp citire date din fisier a_500.txt: 0.2114396095275879 secunde
Numar randuri: p = 500
Numar coloane: n = 500

Verificare simetrie matrice citita: True
Numarul maxim de valori nenule pe linie a matricii citite: 134

Timp determinare vectori si valori proprii a matricii citite: 0.6382925510406494 secunde

Aproximare a valorii proprii de modul maxim a matricei citite A:
lambda = 2019.9999999999961

Aproximare vector propriu asociat acestei autovalori:
v = [ 9.96948946e-01  1.66115187e-51 -8.96642759e-03  7.25768324e-47
 -3.28010182e-04  2.14521423e-43 -3.65077431e-03  6.34186039e-42
 -7.86035487e-03  5.63270354e-40 -6.25632214e-03  2.49935573e-38
 -1.04984240e-02  1.28811537e-37 -8.23837087e-03  3.32496130e-36
 -4.45261583e-03  9.23444383e-36 -3.20771578e-03  7.38289718e-35
 -9.79414624e-03  6.53041102e-34 -1.06299078e-02  1.63797777e-33
 -1.69949838e-04  1.59662828e-33 -7.61277363e-03  2.81393097e-32
 -2.18556891e-03  7.27408253e-32 -1.17461215e-03  3.26856995e-31
 -3.85884047e-03  1.22148596e-30 -9.31017386e-03  4.03459007e-31
 -4.81000006e-03  8.09222653e-30 -1.13761484e-02  1.20961387e-29
 -8.01456861e-03  5.54491431e-30 -2.78948531e-03  3.66837443e-29
 -1.07757290e-02  2.34305536e-28 -8.30026618e-03  2.14693022e-28
 -9.98367878e-04  8.59482351e-28 -5.49784230e-03  4.18546524e-28
 -4.96176596e-03  1.19253758e-27 -2.40447549e-03  5.16358584e-27
 -9.33675038e-03  9.37628572e-27 -3.09931156e-03  1.43014282e-26
  9.47077136e-27  2.49727790e-26 -7.26448136e-03  4.28418001e-26
  3.71743991e-26  4.81907625e-26 -9.67734944e-03  1.00064130e-25
 -5.02086374e-03  9.82754039e-26 -1.30050092e-03  2.11528716e-25
 -9.88331745e-03  5.05530530e-25 -8.32964023e-03  9.28081277e-25
 -4.03403567e-03  8.24755346e-25 -2.65345550e-03  1.26837208e-24
 -2.63632064e-03  4.82494529e-25 -1.91840497e-03  6.54104708e-24
 -2.91992006e-04  2.16850571e-24 -3.60881138e-03  8.01368622e-24
 -1.08568573e-02  7.04532153e-24  1.13349749e-23  6.82464339e-24
 -6.19127961e-03  2.95108463e-23 -8.98426183e-03  4.22103657e-23
 -1.00868376e-02  7.99079844e-23 -8.21843848e-03  8.44905530e-23
  8.33854470e-23  1.97178620e-23 -1.01560765e-02  1.92009055e-22
  1.93653895e-22  3.03351816e-22 -9.18673293e-03  5.21027620e-23
 -1.01427882e-02  4.98230821e-22  6.64106191e-22  8.70173388e-22
 -1.08879798e-02  1.30628932e-22 -1.14016759e-02  1.58010239e-21
 -6.69168746e-03  2.34774555e-22  2.43892113e-21  2.18693626e-21
  2.15853676e-21  3.31027452e-21 -1.11026901e-03  5.45538682e-22
 -7.10362349e-03  4.29642683e-21 -8.19326073e-03  9.35893404e-22
  6.40963395e-21  7.30878425e-21 -2.59785463e-03  1.57911491e-21
  1.61576170e-20  4.07819953e-21 -1.05256999e-02  2.09849690e-20
 -3.06609091e-03  1.34481134e-20  2.66076517e-20  3.00560254e-20
 -6.74903679e-03  1.09292095e-20  5.54130492e-20  1.38627459e-20
 -8.36286088e-03  1.75261065e-20  3.93651204e-20  2.20869659e-20
  7.42975881e-20  4.16226341e-20 -9.72071113e-03  8.68896208e-20
  1.74845209e-19  8.68098784e-20 -5.82934940e-04  8.10767496e-20
 -5.59400734e-03  2.68483356e-19 -8.75836142e-03  2.07810081e-19
 -7.93169184e-03  5.13348325e-20  1.13992472e-19  4.42690660e-19
 -7.14488703e-03  3.10852519e-19 -5.65135666e-03  4.76304513e-19
 -1.94428210e-03  5.82449894e-19 -1.02389532e-02  7.10575950e-19
 -2.68912399e-04  1.55681366e-18 -8.92131744e-03  1.05036988e-18
 -3.46788590e-03  2.03651179e-18 -7.89042830e-03  2.15470356e-18
 -2.33453729e-03  1.48569783e-18 -4.46625378e-03  3.57807863e-18
 -6.81862531e-03  5.37498126e-19  4.71036109e-18  1.93402282e-18
  6.34965432e-18  3.08693944e-18 -6.20316910e-03  3.68839803e-18
 -2.97132464e-03  7.69811423e-18  3.60053097e-18  2.61842483e-18
  4.28256538e-18  1.40025666e-17 -7.78062532e-04  5.53717288e-18
 -8.68247847e-03  4.37179892e-18  1.66413129e-17  5.16891921e-18
 -9.86828074e-03  2.13549072e-17 -2.72549185e-03  2.15717236e-17
 -2.01701784e-03  1.26913017e-17 -4.27042680e-03  1.98804646e-17
 -3.05140389e-03  5.24727178e-17 -6.34514366e-03  1.36584264e-17
 -5.75906150e-03  7.98761812e-18  1.72677937e-17  5.59749516e-17
 -9.36892196e-03  9.79264425e-17  1.17446364e-17  1.26728185e-17
  1.09357783e-16  2.94801958e-17  4.76669901e-17  1.54096158e-16
 -1.11362604e-02  9.93116321e-17 -3.58887899e-03  9.20476355e-17
  2.47575440e-17  2.13018080e-16 -8.84333634e-03  2.15406594e-16
 -9.83855700e-03  1.42077453e-16 -6.99661804e-03  1.22848333e-16
 -4.07040354e-04  9.43079099e-17 -1.22286952e-03  1.62706613e-16
 -1.09533720e-02  3.11547110e-16 -4.21727377e-03  7.15048461e-17
 -6.44130869e-04  1.63933249e-16  2.63166996e-16  7.50855010e-16
 -5.12192445e-03  9.66212373e-16  9.18184499e-16  3.68008261e-16
 -6.10805314e-03  1.26018531e-15  1.04676919e-15  6.38651313e-16
 -2.71080483e-03  9.09387246e-16 -6.31192301e-04  1.65582199e-15
  1.98645746e-15  1.41187411e-15 -3.97493789e-03  8.01806653e-16
 -7.54633233e-03  2.12294593e-15 -4.03648351e-03  1.03145320e-15
 -1.09691081e-02  7.78836804e-16  8.28595734e-16  2.64400668e-15
 -4.12075904e-03  3.98573500e-15 -1.08155937e-02  3.93950336e-15
  3.58769563e-15  5.71655325e-15  6.74568887e-16  1.43251335e-15
  6.08288365e-15  4.03505510e-15  3.42538300e-15  8.17658026e-15
 -5.10199206e-03  1.02193404e-15  1.08352195e-15  5.74295458e-15
  3.65197422e-15  6.44958133e-15  1.36656777e-15  8.68494837e-15
  4.59872877e-15  4.86916674e-15  1.03090431e-14  9.09260316e-15
  1.92436446e-15  1.42519068e-14  4.30736409e-15  1.59443149e-14
 -4.81559511e-03  1.78245754e-14  2.42243312e-14  2.27566888e-14
  9.01721256e-15  1.58772653e-14  2.01249480e-14  2.47960807e-14
  3.74033620e-15  2.36925699e-14  3.33446608e-14  2.63929878e-14
  9.28312837e-15  3.91749029e-14  5.16533525e-15  5.44761659e-15
  4.02105944e-14  5.45066173e-14  4.46887104e-14  4.70999142e-14
 -4.39491681e-03  7.47061067e-15 -2.94264998e-03  5.80243502e-14
 -4.39981248e-03  2.75749755e-14 -1.84357109e-03  3.05580460e-14
  4.28813909e-14  4.51239209e-14  9.49529822e-14  8.74022591e-14
 -3.90744752e-03  2.76229974e-14  1.45228473e-14  1.22148596e-13
  3.21004663e-14  6.74777661e-14  1.41823086e-13  1.11763933e-13
 -8.94509643e-03  1.64452534e-13  1.07951325e-13  6.80182265e-14
  7.14184492e-14  1.24963638e-13  2.36113268e-13  5.50696324e-14
 -1.12859282e-02  2.42550595e-13 -1.04459703e-02  2.00197255e-13
 -9.64168096e-03  3.30301743e-13 -9.19162861e-03  8.06918014e-14
  8.45881118e-14  8.86609942e-14  9.29179295e-14  4.38150119e-13
  5.10076832e-14  1.06872348e-13  5.59731818e-14  3.51739442e-13
 -5.25655550e-03  5.78533779e-13  1.34599474e-13  5.63607635e-13
  1.47481328e-13  6.17396448e-13  3.23034156e-13  5.06992479e-13
 -3.50600222e-03  2.77420630e-13  4.83608000e-13  6.06916990e-13
  4.23098495e-13  6.63567829e-13 -6.72875471e-03  8.46029987e-13
  6.31624996e-13  3.96061234e-13  5.51827449e-13  1.15315112e-12
  1.05413969e-12  1.25847679e-12  9.85854966e-13  3.43202180e-13
 -9.38360898e-03  1.49686509e-12  7.81389407e-13  1.22356294e-12
  6.38582146e-13  2.22161668e-13 -3.64902585e-03  2.41922775e-13
 -8.40902009e-03  1.84330773e-12  2.47220908e-12  1.14604086e-12
  2.39046442e-12  1.55800726e-12  9.74727264e-13  2.37125203e-12
  3.17830556e-12  2.94491289e-12  1.53471545e-12  1.19958446e-12
  3.75016426e-12  1.73669156e-12 -3.98263109e-03  2.82744896e-12
 -1.11341622e-03  2.04509593e-12  2.12988073e-12  2.21796573e-12
  1.15473553e-12  3.00565115e-12 -5.04534212e-03  6.51443064e-13
  6.78060918e-13  2.11709985e-12  4.40638082e-12  3.82094670e-12
  7.15605021e-12  4.13609639e-12  2.58161663e-12  7.16094908e-12
  1.86200626e-12  2.90471521e-12  1.00687202e-12  8.37562466e-12
  4.35412931e-12  5.65831063e-12  3.52918969e-12  1.22279148e-12
 -4.66138137e-03  9.24556639e-12  1.23527246e-11  1.42615719e-12
  8.89054408e-12  9.23635786e-12  1.59913377e-12  3.32210333e-12
  1.03513251e-11  1.61254613e-11  1.67455966e-11  3.86402822e-12
  1.80538091e-11  1.87434232e-11  1.94577740e-11  4.48837592e-12
 -4.21027980e-04  1.69226382e-11  1.75618635e-11  1.04135794e-11
  5.40259770e-12  1.68159628e-11  2.90759390e-12  2.41297354e-11
  1.87719052e-11  1.29800832e-11  1.34618226e-11  3.14107940e-11
  2.89524430e-11  1.87624908e-11  3.50150566e-11  2.42003769e-11
  1.25434658e-11  2.16699902e-11 -5.85103027e-03  1.86223760e-11
  4.82468925e-12  3.99964211e-11  2.07214729e-11  3.22039533e-11
  2.22424792e-11  2.88022594e-11  4.77362294e-11  4.32639423e-11
 -4.90091972e-03  6.62938864e-12  2.05954126e-11  2.84350416e-11
  2.94420129e-11  1.52412385e-11  3.15574759e-11  3.26680823e-11
  5.07230991e-11  1.75002813e-11  1.81123699e-11  9.37228319e-12
  7.75899546e-11  4.01435449e-11  1.03840358e-11  2.14870588e-11]

Semn determinant = 1.0, Logaritm determinant = 3700.6363769056684
Determinant |A - lambda * I| = 8.218407461554972e+307

-------------------------------------1000---------------------------------------------------------------------

Timp citire date din fisier a_1000.txt: 1.2017855644226074 secunde
Numar randuri: p = 1000
Numar coloane: n = 1000

Verificare simetrie matrice citita: True
Numarul maxim de valori nenule pe linie a matricii citite: 255

Timp determinare vectori si valori proprii a matricii citite: 4.113996982574463 secunde

Aproximare a valorii proprii de modul maxim a matricei citite A:
lambda = 2019.9999999999984

Aproximare vector propriu asociat acestei autovalori:
v = [ 9.98319146e-01  1.12456099e-96 -4.93968881e-03  6.03744087e-88
 -1.80703877e-04  1.82335495e-81 -2.01124571e-03  2.33375500e-77
 -4.33034301e-03  3.27290325e-75 -3.44666637e-03  5.59374991e-72
 -5.78367994e-03  1.08674675e-69 -4.53859556e-03  5.56855633e-68
 -2.45298770e-03  9.65346723e-67 -1.76716062e-03  1.12456099e-64
 -5.39568676e-03  2.07757636e-63 -5.85611561e-03  3.36349621e-62
 -9.36269553e-05  1.24483072e-61 -4.19394818e-03  3.33395839e-60
 -1.20405035e-03  3.63885348e-59 -6.47104821e-04  1.91334139e-58
 -2.12587130e-03  1.66428814e-57 -5.12906185e-03  6.21919891e-57
 -2.64987401e-03  8.18665143e-56 -6.26722656e-03  1.81123226e-55
 -4.41530080e-03  8.63041571e-55 -1.53675354e-03  2.54946357e-54
 -5.93644985e-03  3.17201354e-53 -4.57269426e-03  6.19118838e-53
 -5.50010200e-04  4.57219303e-52 -3.02881274e-03  2.13860290e-51
 -2.73348327e-03  3.57761393e-51 -1.32464803e-03  2.29107876e-50
 -5.14370310e-03  1.76059295e-50 -1.70743972e-03  2.34431350e-49
 -5.45271058e-03  2.97527575e-49 -1.15974130e-03  1.23266080e-48
 -5.33134231e-03  5.49970133e-49 -2.76604079e-03  5.71845049e-48
 -7.16458121e-04  7.22936985e-48 -5.44481201e-03  5.34225118e-47
 -4.58887670e-03  1.92570921e-46 -2.22238798e-03  5.02305717e-47
 -1.46181345e-03  2.30669646e-46 -1.45237370e-03  2.33375500e-45
 -1.05686724e-03  1.14289528e-45 -1.60861127e-04  4.94231376e-45
 -1.98812794e-03  7.87054601e-45 -5.98114420e-03  2.73746567e-44
 -1.37492918e-03  8.99049196e-44 -5.29435388e-03  2.27061573e-44
 -7.51327419e-05  2.71128851e-43 -5.60817756e-03  1.77273011e-43
 -5.84686851e-04  6.85847534e-43 -5.59507750e-03  1.63645163e-42
  1.80001913e-42  3.70075142e-42 -5.06105708e-03  5.74076844e-42
 -5.58775687e-03  6.33639308e-42  2.85242381e-42  2.30486023e-41
 -5.99828988e-03  2.07310046e-41 -6.28128987e-03  6.15006771e-41
 -3.68651320e-03  8.66858879e-41  1.71955198e-40  3.02467565e-40
 -2.74677599e-03  5.88030579e-40 -9.23554781e-04  1.00687498e-39
 -4.13692436e-03  1.89866240e-40 -5.89734230e-03  1.59733901e-39
 -1.43118241e-03  4.79770036e-39 -2.76950846e-03  1.76474594e-39
  7.92322406e-39  4.34752108e-39 -1.68913816e-03  4.72420747e-39
  2.10515326e-38  1.91098254e-38 -3.71810748e-03  2.45605579e-38
 -1.28881550e-03  5.87780512e-38 -5.61357171e-03  4.65748606e-38
 -2.29732807e-03  2.19989877e-37 -1.08557180e-03  3.82413235e-38
 -3.21144310e-04  1.78379855e-37 -3.08179095e-03  5.51390540e-37
 -4.82506322e-03  1.27085490e-36 -4.36964321e-03  1.29443197e-36
 -2.75120689e-03  2.95011363e-36 -2.24820282e-03  4.45823364e-36
 -5.75150772e-03  7.44663299e-37 -2.26361466e-03  3.34113380e-36
 -3.13553976e-03  4.97204314e-36 -3.35014970e-04  1.96347914e-35
 -4.59041788e-03  2.89388969e-35 -2.67087265e-03  2.12270760e-35
 -5.76017688e-05  5.42496189e-35 -8.17020406e-04  2.25358252e-35
 -1.88583182e-03  8.15603568e-35 -5.40724564e-03  9.40586041e-35
  2.81888716e-35  3.37577305e-35 -3.41738387e-03  1.44802008e-34
 -1.63693053e-03  6.18671475e-34  3.27663473e-34  1.95044406e-34
 -9.43782827e-04  1.10264921e-33 -1.87504353e-03  5.82244774e-34
 -8.09121836e-04  2.45070427e-33 -5.43652815e-03  2.28414535e-33
 -1.50149895e-03  1.06076339e-33 -1.11119399e-03  7.36423182e-34
 -2.35261806e-03  4.07642304e-33 -1.68104694e-03  2.81140249e-33
 -3.49559898e-03  1.15965349e-32 -3.17272084e-03  2.38419095e-32
 -4.68539337e-03  2.17187822e-32 -1.06861877e-03  2.46564127e-32
 -1.27089923e-03  1.33961683e-32 -6.13507000e-03  1.81430674e-32
 -1.97714700e-03  9.80085360e-32  1.13776841e-31  8.24941608e-32
 -4.87187669e-03  1.32951185e-31 -5.42015306e-03  1.18718649e-31
 -3.85450231e-03  3.56837805e-31 -2.24242337e-04  4.22629435e-31
 -6.73690252e-04  4.21264120e-31 -6.03431506e-03  7.44626107e-31
 -2.32333556e-03  3.69270977e-31 -3.54857720e-04  1.46147434e-30
  7.45388403e-31  1.49602429e-30 -2.82171608e-03  1.96433386e-30
  3.21277447e-31  1.83808588e-30 -3.36498360e-03  1.92199783e-30
 -2.27421030e-03  1.87994929e-30 -3.24843152e-03  8.15469290e-31
 -3.31027155e-03  4.23561606e-30 -2.18983045e-03  6.86051880e-30
 -4.15734505e-03  1.06454665e-29 -2.22373651e-03  1.14477590e-29
 -6.04298423e-03  8.84572338e-30 -5.84879499e-03  1.13692892e-29
 -5.00210678e-03  2.91685613e-29 -4.43263912e-03  2.48966145e-29
 -2.72635529e-03  3.97689838e-29  2.69549403e-29  7.10161080e-29
 -2.81073514e-03  2.58330411e-29  7.28221565e-29  8.20760752e-29
  1.10957683e-28  2.08244539e-29  1.64077306e-28  5.27433964e-29
 -5.30398628e-03  2.66711146e-28  2.24766002e-28  4.20749679e-29
 -3.92578209e-03  1.59033234e-28 -3.42682362e-03  6.66791678e-29
  7.47369559e-29  2.51203617e-28 -2.93248871e-03  9.44849328e-28
 -1.28496253e-04  2.62830780e-28 -4.36078140e-03  4.92735702e-28
 -5.96496176e-03  1.43471996e-27 -4.74106866e-04  2.29840694e-27
 -3.82637569e-03  6.35444663e-28 -3.44165752e-03  2.76290506e-27
  2.19841435e-27  1.95845506e-27  1.63505531e-27  1.81942674e-27
 -4.11997133e-03  4.50097492e-27  6.67094357e-27  5.55954300e-27
 -4.91618575e-03  2.28585570e-27 -4.11746690e-03  8.44709437e-27
 -3.42085153e-03  6.92735369e-27  1.72785831e-26  1.06377598e-26
  1.88556695e-26  7.83074642e-27 -6.21752337e-03  3.19830452e-27
 -5.75478273e-03  3.91382143e-27 -5.31169221e-03  4.30501812e-26
 -5.06375416e-03  2.91938294e-26  1.93435035e-26  1.42365084e-26
 -1.19904150e-03  6.93404023e-26 -7.46511218e-04  1.05413484e-26
  1.16198869e-26  6.40249500e-26  1.12854519e-25  1.55364520e-26
 -4.45903191e-03  9.41434501e-26 -1.93148941e-03  1.36754396e-25
  1.00265145e-25  1.37796308e-25 -2.29116333e-03  9.98572882e-26
  1.09696949e-25  4.01576751e-26  2.64542991e-25  4.83953160e-26
 -5.78445054e-03  4.07817980e-25 -2.40501833e-03  4.90418691e-25
 -5.25177866e-03  1.68321884e-25 -2.98161397e-03  1.00994657e-25
 -5.76345190e-03  1.21070282e-25  7.95045009e-25  1.01491844e-24
  1.58604711e-25  1.56110649e-24  5.68953505e-25  1.45114641e-24
 -4.67133007e-03  1.48511018e-24  2.16289360e-24  1.47620764e-24
 -6.25162207e-03  2.11095585e-24 -7.58455397e-04  2.93198271e-24
  3.65482740e-24  3.98545881e-24 -4.69753020e-03  2.36792114e-24
 -2.77952615e-03  4.21672898e-24  1.53095960e-24  4.16787043e-24
  3.63008142e-24  8.89023563e-24 -2.41021983e-03  7.01712980e-24
 -6.99697740e-04  1.10675315e-23 -7.98140897e-04  4.90516479e-24
 -2.56799859e-03  7.72301554e-24  6.29224034e-24  6.83391608e-24
  2.22619355e-23  8.05604433e-24  5.82934018e-24  3.16291348e-24
 -2.85446625e-03  3.35007689e-23 -1.78199452e-03  8.75405182e-24
 -2.31948260e-04  4.11416269e-23  5.57270213e-24  2.41497635e-23
 -5.21286375e-03  3.54108923e-23 -1.93226000e-03  1.66022461e-23
 -4.80791754e-03  3.88889514e-23 -4.81504552e-03  1.13778024e-23
 -1.57162284e-03  1.19745470e-22 -1.11967050e-03  3.10938197e-23
 -5.87364659e-03  1.45222554e-22  3.92195186e-23  4.23593945e-23
 -3.72196045e-04  1.48158112e-22  7.99655921e-23  5.75361047e-23
  2.48342027e-22  6.69825372e-23 -3.83909046e-03  3.50657464e-22
  2.94087773e-22  4.07645684e-22 -2.97891689e-03  2.63089660e-22
 -5.98827218e-03  1.83250429e-22 -7.03550701e-04  5.66895556e-22
  7.63037445e-23  3.28597688e-22  1.76855832e-22  4.75850827e-22
  3.07227725e-22  1.10180491e-22  2.37043369e-22  1.14725861e-21
  5.48312343e-22  1.32644210e-21  6.33741866e-22  1.02173780e-21
  7.32004095e-22  9.83147436e-22  1.05619453e-21  2.26897450e-22
 -2.75371132e-03  5.23315507e-22  1.96643931e-21  6.03105206e-22
  2.26555011e-21  2.43118775e-21 -4.29373988e-03  1.99884049e-21
 -2.79744242e-03  2.75917797e-21  1.47931397e-21  1.05733785e-21
 -1.96077192e-03  3.64441341e-21 -1.58607145e-03  5.57954176e-21
  5.23028916e-21  6.40283763e-21  4.28591299e-21  7.34328617e-21
 -6.26896040e-03  1.05211841e-21 -1.81069908e-03  6.02624978e-21
  5.15881154e-21  9.65913289e-21  7.38071915e-21  9.47342247e-21
  5.06573599e-21  5.41685380e-21 -1.46007962e-03  1.03186473e-20
 -5.29782155e-05  7.07228325e-21  2.26716883e-20  2.15315219e-20
 -2.15708029e-03  3.07109877e-21  9.83968468e-21  2.45168975e-20
 -3.12398088e-03  3.99215807e-21 -4.93545055e-03  3.63836649e-20
  1.94130859e-20  1.03567986e-20  4.41966671e-20  2.35725631e-20
 -1.76870180e-03  1.34060900e-20  7.14744180e-21  6.85828954e-20
  4.06172391e-20  6.06108195e-20  2.76840704e-20  6.88348506e-20
  7.33424321e-20  4.46487904e-20  3.56704938e-20  5.06561235e-20
 -4.62066363e-03  7.18040279e-20  6.11592236e-20  1.62769084e-20
  6.93024906e-20  1.47517303e-19 -5.32190255e-03  8.35186780e-20
 -1.61554660e-03  9.45247355e-20 -4.83045736e-03  2.40592826e-19
  1.13710431e-19  1.81359585e-19  1.28542636e-19  3.41612970e-20
  7.26207738e-20  1.54360783e-19  3.69075625e-19  3.48584985e-19
  9.25858608e-20  2.45884413e-19 -3.52314765e-03  2.21904134e-19
 -2.58533691e-03  5.00430049e-19 -4.36983586e-03  3.52514059e-19
  3.74179779e-19  6.35412825e-19  8.42895342e-20  8.04963135e-19
 -3.37307482e-03  4.02689521e-19 -1.24797411e-03  3.39796744e-19
  8.40851456e-19  3.82136911e-19 -4.53493524e-03  1.43189456e-19
 -3.97798971e-03  8.04468856e-19 -5.32671875e-04  7.22842445e-19
  5.74458453e-19  1.82594692e-18  1.07467868e-18  1.36608508e-18
  1.68809721e-18  5.10807811e-19  2.43418471e-18  2.29107876e-18
 -3.52661532e-03  2.88893503e-18 -1.81647852e-03  1.43854843e-18
  1.14183869e-18  2.01385858e-18  2.98324617e-18  3.15629764e-18
  4.29307229e-18  1.00915655e-18  2.66844734e-18  2.82212401e-18
 -6.24179702e-03  1.89336777e-18 -2.44720826e-03  2.82171163e-18
  7.45691493e-19  6.30541948e-18  4.99802538e-18  7.92266826e-18
  7.44148124e-18  5.89684791e-18  7.26816805e-18  9.87158262e-18
  1.15856627e-18  2.44729812e-18 -5.57176708e-03  9.55224916e-18
 -3.07813064e-03  3.04247863e-18  6.42380793e-18  8.47613348e-18
  1.61037072e-17  3.77684709e-18  3.98571340e-18  1.89258759e-17
  4.43753467e-18  1.87266909e-17 -2.24820282e-04  2.34431350e-17
  2.74736443e-18  2.89748294e-18 -1.26666097e-03  3.22192334e-18
 -2.79802037e-03  2.86514845e-17  2.26528335e-17  3.18374072e-17
 -5.75112242e-03  4.42066788e-18 -8.26460161e-04  3.43618641e-17
 -4.61584743e-04  2.72452658e-17 -5.66558668e-03  1.20933314e-17
 -3.15576781e-03  2.01226709e-17 -1.94131446e-03  4.46291363e-17
 -4.38389917e-03  1.64913221e-17 -2.66239614e-04  2.74132983e-17
 -1.05339957e-03  6.07383627e-17  2.13071062e-17  6.72655996e-17
 -1.81859765e-04  1.11705166e-16  9.14051580e-17  1.37366133e-17
  1.15595752e-16  1.21584834e-16  7.99212709e-17  6.72389402e-17
  7.07057924e-17  1.11518299e-16  1.95416229e-17  1.02721733e-16
  1.29581011e-16  1.13507372e-16 -3.41757652e-03  1.50463851e-16
  1.05415392e-16  2.76932383e-17 -1.06630699e-03  2.44581353e-16
  6.42382145e-17  2.36188431e-16  1.77212685e-16  1.86134225e-16
  3.51882345e-16  2.05301025e-16  2.58705712e-16  2.71648479e-16
 -4.77362618e-03  4.99070344e-17  4.71529582e-16  4.39976106e-16
 -4.68076982e-03  2.42353235e-16  3.17933346e-16  2.66914212e-16
  4.20123590e-16  6.61227657e-16 -1.74365756e-03  2.42605824e-16
  6.78670424e-16  7.11896473e-16  1.86673989e-16  5.87355657e-16
 -2.65045196e-03  1.07658880e-16 -3.14016332e-03  8.28562890e-16
  1.11689687e-15  1.04081456e-15 -2.39461534e-04  8.57767574e-16
 -1.11196458e-03  6.28193080e-16  9.87522355e-16  5.17427703e-16
 -4.24885288e-03  1.89367249e-16  7.93612948e-16  1.24713780e-15
 -5.45444441e-03  2.28088858e-16 -5.35889098e-03  2.00178844e-15
  2.09646039e-15  8.23298790e-16  5.74747261e-16  1.80542763e-15
 -4.17217895e-03  2.63874047e-15  1.72652470e-15  7.22936985e-16
 -2.44431854e-03  1.98011658e-15 -4.01247371e-03  3.90391874e-15
 -6.43251860e-04  4.27490148e-15 -1.00099930e-03  1.03998580e-15
  3.80812095e-15  1.70734616e-15  4.76266876e-15  3.73632129e-15
  5.21060450e-15  4.76841433e-15  5.69923405e-15  7.44989036e-16
  4.67409354e-15  8.14545565e-16  1.70328631e-15  8.90375197e-16
  9.30811282e-16  5.83814316e-15  5.08544177e-15  8.50466621e-15
  5.55545178e-15  6.96716796e-15  3.64045419e-15  1.14124744e-14
 -1.25086383e-03  1.24596890e-14  8.67841633e-15  6.04432423e-15
 -3.76530626e-03  3.29789695e-15  1.03342573e-14  1.25927699e-14
  1.12731174e-14  3.92434104e-15 -4.53743967e-03  6.41903072e-15
  1.34050079e-14  1.63288717e-14  1.94834201e-14  1.01701439e-14
  2.65420153e-15  2.49355043e-14  1.44598048e-14  9.05535653e-15
 -1.90451868e-03  9.86313213e-15  6.86184885e-15  2.50612141e-14
  2.98856285e-14  3.11821619e-14  1.62665559e-14  2.96980999e-14
  1.32776913e-14  1.84674843e-14  2.88949034e-14  2.00922287e-14
  4.71503253e-14  1.63913040e-14 -3.84409931e-03  5.94183575e-15
  6.19582429e-15  6.46031651e-15 -3.75432532e-03  2.80900298e-14
  2.92843799e-14  3.05278602e-14 -1.19172088e-03  7.46327231e-14
  3.45729919e-14  8.10748995e-14  8.44948341e-14  8.80543382e-14
  6.11726113e-14  4.24952377e-14 -3.97876030e-03  3.46004469e-14
  1.08145577e-13  5.00736509e-14  5.21638389e-14  1.08676880e-13
  4.24505614e-14  2.94770920e-14 -3.18543561e-03  3.19743793e-14
  6.65973981e-14  6.93521741e-14 -5.92257919e-03  5.63975494e-14
  3.91476014e-14  1.63034394e-13 -5.69872215e-03  4.41754855e-14
 -2.54333964e-03  9.57382935e-14  9.96529357e-14  1.81514278e-13
  1.07952741e-13  2.24699931e-13 -4.67171536e-04  1.52088624e-13
  1.89912080e-13  2.63478081e-13  2.05606826e-13  1.78265260e-13
  1.11277437e-13  1.15764400e-13  2.40852830e-13  4.17566937e-14
 -4.88748119e-03  1.35529981e-13  9.39737685e-14  2.93203735e-13
  2.03282020e-13  3.69944798e-13  3.84694577e-13  1.71434292e-13
 -5.59334366e-03  6.17776422e-14 -5.29204210e-03  1.33546939e-13
  1.38831980e-13  5.05117857e-13  3.75041630e-13  2.33897295e-13
  6.48288223e-13  2.52669824e-13  1.75063628e-13  1.81932214e-13
  5.67184643e-13  1.96461196e-13  6.12423199e-13  8.48445660e-13
  3.30574293e-13  5.72416005e-13  8.32556957e-13  9.88462752e-13
 -3.13746624e-03  2.66655221e-13  1.38489088e-13  1.15075123e-12
  1.04579339e-12  1.55161791e-13  9.66837638e-13  1.00404156e-12
  1.04263069e-12  1.62398233e-12  7.49443818e-13  7.78144391e-13
  4.03954230e-13  4.19387059e-13  1.52386635e-12  2.03393068e-12
 -3.03208776e-03  1.70460759e-12  1.01105412e-12  1.04940613e-12
  1.63374874e-12  1.69557469e-12  1.46638711e-12  2.43479787e-12
  1.57913264e-12  9.83166262e-13  3.40051181e-13  7.05658162e-13
  1.09821474e-12  3.79795007e-13  3.54614621e-12  3.67877473e-12
  8.48045125e-13  8.79688689e-13 -1.96616606e-03  4.73221606e-13
  2.94490579e-12  1.52714028e-12  4.75137906e-12  2.73746567e-12
  1.13551332e-12  5.88745895e-13  3.66291577e-12  5.06402260e-12
  3.28161656e-12  3.40237574e-12  4.93840885e-12  3.65694204e-12
  6.06568015e-12  6.28786729e-12  4.07370617e-12  3.37806887e-12
  5.25207722e-12  4.53632095e-12  5.64185017e-12  8.77065416e-12
  9.08937151e-12  1.04658846e-12  3.25360299e-12  6.74286897e-12
  3.49339532e-12  1.20654179e-12 -5.74052679e-03  1.16564271e-11
  1.20761976e-11  9.73046362e-12  8.64007682e-12  1.04418719e-11
  6.18069655e-12  1.28040602e-11  6.63103350e-12  1.20189363e-11
  1.42261714e-11  5.52500513e-12  1.14435146e-11  1.97509653e-12
  4.09055188e-12  4.23573676e-12  1.31577243e-11  1.81649259e-11
  9.40375542e-12  2.43401159e-12  1.25996246e-11  1.82614091e-11
  1.62039116e-11  2.79566250e-12  2.89390760e-12  5.99098735e-12
  1.55026528e-11  2.88821840e-11  1.66070680e-11  1.37499891e-11
  2.13450422e-11  3.68157123e-12  7.61964453e-12  1.57695870e-11
  2.44766133e-11  2.11054201e-11  3.49399362e-11  1.80752567e-11
  4.20768894e-11  4.35315936e-11  2.50194259e-11  2.07060366e-11
  2.14195840e-11  4.43138537e-11  1.71891242e-11  5.92652284e-12
  5.51689191e-11  1.90199684e-11  4.58994783e-11  2.03440198e-11
  1.40260694e-11  6.52715112e-11  6.74968597e-11  5.42854898e-11
  4.81134420e-11  7.46228734e-11  3.42916663e-11  8.86365054e-12
  8.24753339e-11  2.84221369e-11  8.81488935e-11  1.01250751e-11
  2.09332756e-11  7.57354575e-11  3.35507006e-11  1.04036830e-10
  8.36357726e-11  6.17445555e-11  1.02103002e-10  1.05522150e-10
  1.22683615e-10  5.63481652e-11  1.31015711e-10  4.51282599e-11
  1.55438718e-11  3.21222913e-11  9.95704697e-11  5.14385650e-11
  1.24005071e-10  5.49062814e-11  1.51264050e-10  1.75799982e-10
  1.21072022e-10  1.45912496e-10  8.61275403e-11  1.55687389e-10
  4.59456600e-11  9.49116200e-11  2.45069978e-11  1.26554234e-10
  1.04560851e-10  1.07983515e-10  1.95150555e-10  2.30314873e-10
  1.78373151e-10  6.13960576e-11  1.58488880e-10  1.96374195e-10]

Semn determinant = -1.0, Logaritm determinant = 7271.891623435758
Determinant |A - lambda * I| = -8.218407461554972e+307

Timp generare matrice aleatoare simetrica: 0.3640263080596924 secunde

Verificare simetrie matrice generata: True
Numarul maxim de valori nenule pe linie a matricii generate: 244

Timp determinare vectori si valori proprii a matricii generate: 40.045893907547 secunde

Aproximare a valorii proprii de modul maxim a matricei generate:
lambda = 0.1254872734943083

Aproximare vector propriu asociat acestei autovalori:
v = [ 4.66409139e-02  1.49597876e-02 -1.87257524e-02 -4.50821463e-02
  2.94958377e-02  7.03318707e-02 -5.15054137e-02  1.12636914e-02
  1.49813551e-03 -1.11739618e-02  9.87468572e-02 -3.65237809e-02
 -4.82957399e-03  2.05869833e-02  3.79266225e-03 -1.31951605e-03
  1.73181346e-02 -1.32185748e-02  2.27660587e-03  1.75308728e-02
  1.17156408e-03 -7.94616890e-03  1.83884284e-02  1.20797818e-03
 -7.49237514e-03 -7.08288655e-02 -1.04348847e-02 -4.21706364e-02
  3.51971291e-02  1.12963281e-02  2.63215820e-02  3.36287059e-02
  5.96291498e-03  6.63614125e-02  4.38462877e-02  2.33606492e-02
  6.70444560e-03 -3.06401330e-02  2.83238116e-02 -2.59460028e-02
  1.05502288e-02  2.28858063e-02  3.30837359e-02 -3.29784745e-02
 -1.44718647e-02 -1.53930658e-02 -1.88666281e-02 -9.45320985e-03
 -2.70666814e-02  2.09993706e-02  3.43357052e-03  2.03702791e-02
 -1.12570248e-02  3.41050387e-02 -9.23910382e-03  3.55073756e-02
  4.18084438e-02  5.05567146e-03  8.43936541e-03 -1.76254500e-02
  3.59621041e-02 -5.26956302e-03  4.02729121e-02  3.85534842e-02
  2.19169953e-02 -8.71329740e-03  7.54102096e-02  2.51216493e-02
  1.43931591e-02  5.88801365e-02  9.23750530e-03 -4.48562159e-02
  1.96554539e-02 -7.61267721e-03  1.13278156e-02  4.55755114e-02
 -3.12886829e-02 -1.98212309e-03 -3.80873498e-03 -2.43126636e-02
 -1.42969302e-02  8.76204820e-02 -7.74966554e-03  3.90806285e-02
  3.63596796e-02 -4.98245945e-03  3.00052417e-02 -1.99585932e-02
  1.99644029e-02  2.54140382e-02  4.54507955e-02 -5.68099106e-02
  7.03990595e-02  3.64037503e-02  8.48170964e-03  1.60237219e-02
 -1.66867082e-02  8.28064315e-03 -3.72747809e-02  3.19558367e-02
 -1.55594761e-02  1.35801916e-02 -1.80069643e-02  1.06720845e-02
  5.31735146e-02  2.90857687e-02  3.36966466e-03  2.04659803e-02
  2.02514241e-02 -1.13328343e-02 -3.44729854e-02 -4.29080321e-03
 -3.84589567e-02  5.60256249e-04 -1.09932053e-02  1.67908432e-02
  2.31969379e-03 -1.04947189e-02  4.91813199e-03  2.19736281e-03
 -4.07615598e-02 -6.54647258e-03 -4.15477808e-02  5.26708906e-02
  3.23264949e-02 -1.81946933e-02  1.58174775e-02  2.69964741e-03
 -1.54580494e-02  3.60543452e-02  4.44986120e-02 -8.10020166e-03
  4.48455445e-02 -2.83555783e-02 -2.55007707e-02 -1.90221752e-02
  3.34557491e-02  2.80376248e-02 -1.89764855e-02 -6.30257562e-02
  1.27687730e-02  3.66515295e-02 -1.89321339e-02  4.59328993e-02
  1.54886368e-02 -5.93712053e-02 -3.34624406e-02 -8.83674554e-03
  1.49009514e-02 -7.30947356e-02  7.21523220e-02 -3.53684326e-02
 -6.73996928e-02  5.33340443e-02 -2.63441963e-03  1.13368722e-02
 -4.46854014e-02 -2.29387022e-02  2.39288310e-02  3.12096703e-02
 -2.21969936e-02 -2.77262928e-02 -4.29096153e-02  1.29569550e-02
  2.68828733e-02 -1.32860360e-02 -1.82934874e-02  5.38428609e-02
 -2.22089624e-02  3.88496381e-02 -6.06740153e-02 -3.85777347e-02
  3.02468766e-02 -8.79753018e-04 -2.96637925e-03  2.01717520e-02
 -5.00250209e-02 -8.74429382e-03  3.63992627e-02 -1.06322517e-02
 -3.94331002e-02  9.44632892e-03 -9.84357702e-04  3.21799625e-02
  8.49669124e-04 -1.68560867e-02 -2.12233101e-02  6.20689190e-02
 -2.85185050e-02 -5.69518279e-04 -2.92672824e-02  2.29480408e-02
 -9.97781209e-03 -1.94475332e-03  3.64601518e-02 -1.74981349e-02
  2.95481462e-02  5.16783703e-02 -8.03868062e-03 -3.07421126e-02
 -2.96417789e-02  3.28755933e-02  2.70106722e-02 -7.16457823e-03
 -1.84823049e-02  2.39091224e-02  7.66834148e-02  7.69211691e-03
 -2.73376991e-02  3.31987459e-02 -8.05954119e-03 -2.95283198e-02
  5.03561085e-03 -3.80646534e-02 -2.30716460e-03 -5.13070893e-02
 -2.88171528e-02 -9.36213749e-03  3.45941895e-04  2.84970992e-03
  1.85362423e-02 -3.29631199e-02 -2.56991472e-03  4.14360992e-02
  4.41269521e-02 -3.92652908e-02 -5.16817606e-03 -7.34491310e-03
 -6.72274195e-02 -1.65708558e-02 -4.69596476e-02 -8.24099839e-03
 -1.67127632e-02  4.01030029e-02 -4.99562244e-02  2.15505022e-02
 -3.04714658e-02  1.57194980e-02  9.67762365e-03  2.46693747e-02
 -5.33653877e-02 -4.40804987e-02  9.18619916e-03  9.93017688e-03
 -1.10245365e-02  5.31162162e-02  1.22552389e-03  2.04766789e-03
 -2.62719944e-02  8.09836145e-02  2.27244103e-02  3.13793994e-02
  1.63668283e-02  6.34393920e-02  2.22228670e-02  9.28332782e-02
  1.46232945e-02  2.29118628e-03  1.00571071e-02  3.86749076e-03
 -2.17388171e-02 -1.51069385e-02  1.17325924e-02 -5.25373283e-02
 -2.56205874e-02 -2.39521425e-02  4.91541377e-02 -2.84730855e-02
  3.52288847e-02  2.33337817e-02  2.47129366e-02 -7.44318968e-03
  3.44103940e-02 -7.43619254e-03 -8.67090810e-04  2.22155397e-02
 -1.54628120e-02 -1.88801277e-02 -2.29056400e-02 -1.98765897e-02
  1.70498070e-02 -8.68611093e-02 -5.13320519e-02 -3.56783058e-02
 -2.25855306e-02  3.16573767e-02  5.60018177e-02  4.27742698e-02
  4.72136108e-02  1.27864282e-02  5.94656659e-02  3.36768697e-02
  1.74245837e-02  1.15672701e-03 -2.04921874e-02  3.46921570e-02
  7.55084543e-03 -4.72641394e-02  3.23855707e-02  1.93638359e-02
 -3.91784386e-02  1.19700438e-02 -4.59505767e-02 -3.57276609e-02
 -9.59162135e-03  5.41830081e-03  5.32712915e-02  1.61580797e-02
  3.34450987e-02 -4.19976164e-02  3.99071231e-02 -2.05036828e-02
  4.62148951e-02  2.74654844e-02 -1.78097217e-03  2.42705020e-02
  8.27904196e-04  1.25006936e-02  1.21649140e-03 -4.93316970e-02
  1.68099527e-02  1.80768215e-03 -3.69825651e-02  2.46025003e-03
  5.87037029e-02  3.54204054e-02  7.63352602e-02 -6.08991986e-05
  3.23246446e-03 -3.05855864e-02 -3.80503534e-02 -1.89025506e-02
 -1.75277504e-02 -1.12513025e-02  3.12269911e-02 -1.78827063e-02
  4.61741916e-02 -2.84868572e-02  4.54757159e-03 -3.38432729e-02
  3.67764496e-03  2.33685762e-02 -5.57923498e-02 -4.09589055e-03
 -3.13865482e-02  7.28117999e-03 -9.70152197e-03  9.80572844e-03
 -1.73402276e-02 -5.41234841e-02 -1.14580822e-03 -1.37159985e-02
  3.27764211e-03  1.37930914e-02  2.70072306e-02 -3.89611879e-02
  1.09026038e-02  2.53463832e-02  3.18133768e-03 -7.26798549e-03
  3.87070387e-02 -4.69614663e-02 -3.59653211e-02  1.38809619e-03
  1.79099090e-03  3.17964327e-02  2.19155268e-02  8.24012259e-02
  1.58235128e-02  1.10515006e-02 -1.72112210e-02  3.12095373e-02
 -1.15848676e-02 -5.82386800e-02  1.98274127e-02 -3.58711287e-02
 -4.87522015e-02 -3.61831836e-02 -5.16639185e-02 -3.06457780e-03
  1.53515705e-02  3.05135505e-02 -1.43534263e-02 -1.21364519e-02
  5.12366573e-03 -2.29522686e-02 -5.79866191e-02  3.47446552e-02
  3.30930398e-03  1.65711342e-02  2.54957063e-02 -1.01676479e-02
 -2.38242550e-03  1.42987396e-02 -1.19613042e-02  1.18767365e-02
  1.93984598e-02  1.82807844e-02  4.86930680e-03  4.75581414e-02
  2.90360959e-02  8.54349480e-03 -3.17056653e-02 -1.83477844e-02
 -1.95973210e-02 -2.48735591e-02 -7.38012147e-03  6.77900023e-02
 -2.60063552e-02 -1.15128461e-02  4.53394589e-02 -7.67782921e-03
 -6.37239305e-03 -5.89599886e-03 -1.18412908e-02 -7.40676405e-03
 -2.41552856e-02  2.52930876e-03 -8.66330611e-02 -5.03078877e-03
 -2.37021468e-02 -1.97083135e-02 -7.54084564e-02  5.14355204e-02
 -8.20673521e-03  3.23378578e-02 -3.44245162e-02  1.46297082e-02
 -3.11055382e-02  7.85698883e-03 -1.23969260e-02  4.03654603e-02
  1.05102204e-02 -1.39061121e-03 -3.37374398e-02 -1.33844969e-02
  4.10205900e-03  1.65856735e-02  1.86844387e-03  4.91457486e-02
 -9.07478131e-03 -3.46632048e-02  1.28151234e-02  4.12817999e-02
 -2.57738481e-02  2.33262420e-02 -1.69628057e-02 -1.01514425e-03
 -1.52044396e-02 -8.55480710e-03 -1.69726502e-02 -3.51379571e-02
 -7.02570915e-02 -2.15558095e-02  4.42211708e-03 -5.01830552e-02
 -9.56961447e-03 -1.15180652e-02 -3.92493536e-02  1.88157289e-02
  3.28675270e-02 -1.70450511e-02  5.36732369e-02  7.29047085e-03
 -7.84069939e-02 -5.14984358e-02  9.39767342e-03 -1.24633183e-02
  2.38837172e-03 -7.62543287e-03 -8.89526487e-03  9.64056936e-03
  5.59213963e-02 -1.33716010e-02 -1.82228920e-02 -4.95305820e-02
 -4.19005532e-02 -3.24755382e-02 -5.43525348e-02  4.69381919e-02
 -3.03418576e-02  3.87135075e-02 -3.65321700e-03  7.65581423e-03
  6.58293053e-03 -1.63713711e-02 -1.32777536e-03  1.25866367e-02
 -3.92396764e-02  3.97588874e-02  5.76796616e-03  1.90110313e-02
  1.96275017e-02  2.39798285e-02 -2.92400865e-02  1.17436947e-02
  3.94353604e-03  2.45406651e-02 -2.16596983e-02  3.76169018e-02
  4.27746485e-02 -4.46141189e-02  5.99259847e-03 -4.14305015e-02
 -3.13750086e-02  2.08237392e-02  4.81790768e-02 -6.02086541e-03
  4.68673073e-02 -9.35615385e-03 -2.36455945e-02 -1.32396722e-03
  2.62355255e-02  3.51719717e-03 -6.18317730e-03 -6.62770825e-02
 -8.04832838e-03 -4.77660666e-02  2.22477872e-02 -2.88132236e-02
 -1.57425287e-02 -3.02828621e-02  6.49232547e-03  7.47937010e-02
  1.02479390e-02 -2.81058202e-02  1.24840428e-02  2.94645831e-02
  7.78924061e-03 -2.48439078e-02 -5.12879976e-02 -8.59241416e-02
 -8.38701434e-03  4.75417416e-02  2.52486535e-02  1.77587345e-02
 -9.51102067e-03 -8.42073070e-03 -4.25412730e-03 -1.68404688e-02
  3.47457283e-02 -4.49638861e-02  1.15118544e-02 -5.06051485e-02
 -2.45912562e-02 -4.40276441e-02 -2.44650729e-03  9.01572922e-02
  1.17178022e-02  1.01527670e-02  2.90859940e-02 -6.27948205e-03
 -4.18009900e-02 -3.78968365e-02  4.41872839e-03  2.59591400e-02
  2.01989117e-03  1.01022917e-02 -5.01612351e-04 -1.42194389e-02
  7.07971084e-02  2.85998760e-02  2.28345458e-02 -6.61732030e-03
  6.78608212e-03  1.38364011e-02  8.83287805e-03 -1.06044163e-03
 -1.86116450e-02  6.40870581e-02  5.27845624e-02  3.01564970e-02
 -4.78419278e-02 -1.56021618e-02  1.32060733e-02  3.42799520e-02
 -2.05322967e-02 -5.13421311e-02 -5.25024837e-02  4.08262296e-02
 -5.43993973e-03  2.74552710e-02  2.75152277e-02 -4.18514286e-02
 -8.55751944e-03 -3.72943258e-02  4.81886228e-04  7.37809771e-02
 -1.26765087e-02  1.86318292e-02 -6.00065584e-02  1.28533164e-03
 -3.96995623e-02  1.05028636e-02  3.39700275e-02  1.84885927e-02
 -3.24650234e-02 -2.37019685e-02 -1.67547411e-02  6.09018329e-02
 -2.56573936e-02 -3.54450273e-03  2.44880431e-02 -3.14243656e-02
 -3.42079742e-02 -1.96778154e-02 -3.34962839e-02 -3.27383304e-02
  1.80665389e-02  5.99849492e-03  3.63234821e-02  1.45107810e-02
  6.60818637e-02 -1.28980790e-02  5.77212362e-02 -4.57275434e-02
 -1.71909695e-02 -3.02256365e-02  9.30812361e-02 -2.78259256e-02
 -7.62095418e-03 -1.56703118e-02  2.88333945e-02 -2.43226149e-02
 -2.14231340e-02  5.77237469e-02 -4.08771785e-02  2.16851378e-02
  2.06332809e-02  3.15194051e-03  1.88533485e-02 -2.05077135e-02
  5.87558042e-02  3.64855518e-03  3.56060524e-02 -3.02056939e-02
  1.84730876e-02  1.20924491e-02  2.94346611e-02  3.09544374e-02
 -4.41047268e-02 -1.85129225e-02 -3.30412664e-04  2.17097435e-03
 -9.36319962e-02 -7.37950533e-02  9.41960924e-03 -4.34452159e-03
  5.71255323e-02 -2.52814315e-02  1.32800040e-02 -5.67602224e-03
 -6.85688180e-02  6.24504806e-02  2.00084724e-02 -7.14856932e-03
 -8.44014036e-03 -1.36046262e-02 -8.87612759e-04  4.59847896e-02
 -2.52665615e-02 -1.86323201e-02 -7.76766681e-03  9.51580147e-03
  1.80838771e-03  3.66375524e-02 -9.36442838e-03 -2.45161651e-02
 -2.92750705e-02 -2.54177798e-02 -1.50548499e-02  9.47386778e-03
  1.48394549e-02 -1.18191141e-02  1.52766581e-02 -1.17677770e-02
  9.94058771e-03 -2.66178763e-02 -2.35472666e-02 -3.43064998e-02
  1.84973310e-02  2.24247079e-02 -1.90985124e-02 -1.13469073e-02
  1.32232622e-02 -3.19979282e-02  2.64739394e-02  4.47583508e-02
  1.52268833e-02 -3.36687299e-02  3.63269547e-03  8.85971585e-03
  2.43251761e-03  2.70903625e-02  3.96676368e-02 -2.11990318e-02
  6.96290843e-02  8.15784992e-03  5.45382646e-02  1.26470134e-02
 -6.05919852e-02 -7.01106819e-03 -3.41194442e-02  2.17856754e-02
 -1.12741149e-02 -1.02538687e-02 -3.40372179e-03  1.55091715e-02
  4.40532563e-02  2.09549773e-02 -1.77078320e-02 -1.56854534e-02
 -2.54749007e-02  6.96434432e-03  2.98148436e-03 -1.52228920e-02
  1.85289137e-02  5.50840383e-03  6.89677410e-02 -2.13856972e-02
  6.64184712e-03 -1.03659802e-02  5.50891487e-03  1.96588397e-02
 -3.43169912e-03 -2.03669825e-02 -3.31350339e-02  2.92009384e-02
 -2.78094809e-03  5.12474899e-02  5.23714340e-03 -7.70140484e-03
  4.09942913e-02 -3.58572455e-02 -2.49094590e-02  3.56295927e-04
 -1.95065110e-02  2.39366647e-02  1.80915462e-02 -1.28124690e-02
 -1.98661124e-02  9.31864692e-02 -9.38893119e-03 -1.82898776e-02
  7.60009541e-03 -1.10497299e-02 -2.00611914e-03 -1.80007674e-03
  1.44790699e-02  1.18457838e-02  1.99781762e-02  5.05988003e-02
  2.48994284e-02 -3.97122111e-02 -3.24749890e-02 -9.35811404e-03
  1.85981107e-02  6.61134149e-02 -7.95941610e-04  4.18289908e-02
 -8.54679511e-03 -7.94353715e-03 -3.68632306e-02 -2.20940981e-02
  4.88052037e-02  6.76107184e-03  3.63461402e-03  2.20087133e-02
 -2.24114786e-02 -8.64265595e-03 -1.35446338e-02 -6.32822771e-03
 -3.03565351e-02  5.08084093e-03 -5.65057826e-03 -4.53141262e-03
 -5.06781430e-02 -3.98252922e-02  4.22135960e-03 -1.75199348e-02
 -4.00074168e-02 -1.60535403e-03  2.38383087e-02 -1.04718252e-03
  5.67170639e-02 -4.16619546e-02 -3.50380879e-02  7.40976560e-02
  3.58762120e-02 -2.08203667e-02 -1.08115809e-01 -3.62387122e-02
 -1.47297253e-02 -9.21769972e-03  4.07025369e-02 -1.66877709e-02
  4.87784065e-02 -3.50531569e-02  2.72420706e-02  2.12143547e-02
  1.14030258e-02  2.86571428e-02 -2.07804528e-04  4.26153166e-02
  3.50096233e-03 -7.97937031e-02  5.10965549e-02 -1.88168108e-02
 -1.55756088e-03  6.27456540e-03  3.61896910e-02  3.24439788e-02
 -1.31799919e-02 -5.29178682e-03  1.55258852e-02 -9.92184171e-03
 -5.29539139e-03  4.00335919e-02  2.94613493e-02  6.65049424e-03
 -5.49029118e-03 -2.83987691e-02 -1.42607803e-02 -2.88943594e-02
  2.40413465e-02 -3.83378289e-02  5.82458692e-03  6.95638212e-02
 -2.48653882e-02  2.48479106e-04 -2.45189601e-02 -2.00621608e-03
  7.58281142e-03  5.57485545e-02  1.17488900e-03  1.80693027e-02
 -2.50243256e-02 -1.38937850e-02  1.56646198e-02  1.33370704e-02
  1.44207106e-02 -4.78163955e-02  4.32457519e-02 -1.36793721e-02
 -2.63712975e-02  5.12063164e-03 -6.03080467e-02  3.10868575e-02
 -8.09021682e-02 -1.01302289e-03  1.53023243e-02 -1.35682793e-02
  2.66324780e-02  7.43824407e-03  3.84016082e-02 -2.16345613e-02
  1.79107780e-02 -3.24207218e-03 -3.71900324e-02 -1.55341153e-02
  2.41192323e-02 -4.82574718e-02 -8.13069241e-02  2.17476670e-03
 -1.07390063e-02 -1.82772981e-02  5.56094648e-02  4.24287952e-03
 -3.87180773e-03 -1.80013754e-02 -5.08714607e-02  2.59951477e-02
  3.37396711e-03  9.98627232e-03 -6.56898275e-02  8.62601229e-03
 -5.88509940e-03 -2.33567298e-02  4.01514352e-02 -3.95173579e-03
  1.76414221e-03  2.85361848e-04  9.36249905e-03  5.03642331e-02
  2.18904666e-02  4.06604669e-02 -5.32955275e-04 -2.78463284e-02
 -1.25031377e-02 -1.02305812e-02 -2.26602569e-02  7.43119091e-02
 -1.59568339e-02  2.97891161e-02  2.34933371e-02  2.57859444e-02
 -2.13633493e-02  1.73425950e-02  1.04050334e-02 -4.00055082e-02
  3.17751299e-03 -1.54442222e-02  1.78782055e-02 -1.62288721e-02
  7.54817052e-03  1.05572569e-02 -1.84278286e-02  3.00883587e-02
  4.19114046e-02  4.73333634e-02  8.51700353e-03 -4.75905177e-04
  1.65573274e-02 -2.46515639e-02  6.60766429e-02 -8.77373782e-03
  2.37176712e-03 -3.24921316e-03 -4.14957798e-03  3.38942052e-02
 -2.66062215e-02  2.10702319e-02  2.31661704e-03  7.31114111e-03
 -4.78565014e-02  9.42325812e-02 -2.57159936e-03  5.22252713e-02
  2.05277090e-02  3.01059008e-03  4.63548966e-02  1.15345691e-02
 -2.42820802e-03 -7.83517491e-02  1.82473784e-03 -3.90022017e-02
 -6.35965978e-03 -1.97983061e-02 -1.35579059e-02  5.64334973e-02
 -2.03184557e-02  5.07563565e-02 -3.06149781e-02 -1.30251908e-02
 -4.51259723e-04 -2.62000235e-02 -5.94355694e-02  1.58516483e-02
  3.20887502e-02 -7.06858326e-03  7.77426266e-03  2.76988129e-02
  5.83513064e-02 -1.90966693e-02 -1.49374146e-02  2.64058800e-02
 -3.17415896e-02 -1.04928231e-02  2.98735602e-04 -2.51079187e-02
  3.52391596e-02  2.80045764e-02 -4.20115712e-03  2.36963100e-02
  2.77100891e-03  4.75318524e-02  1.83791501e-02  3.86326065e-02
 -1.13825855e-03  2.53232707e-02  1.87798262e-02 -5.24827920e-03
  5.29841529e-03  2.69373490e-02 -1.20318246e-02 -2.04298859e-02
 -3.21860488e-02 -2.50886964e-02 -2.18890396e-02 -1.23215943e-03
 -2.36120803e-02 -1.48739213e-02 -2.09840566e-02 -9.88110343e-03
  1.53588838e-02 -1.57511219e-02 -5.22278374e-02 -1.41650714e-02
  3.86213315e-02 -6.36886664e-02  2.52383894e-02 -1.16708044e-02
  1.25360460e-02  6.29930424e-02 -3.44466181e-02 -1.32496383e-02
 -5.42441676e-02 -4.84037524e-02 -2.81842543e-02  1.13350876e-02]

Semn determinant = 1.0, Logaritm determinant = 2150.7238521829418
Determinant |A - lambda * I| = 8.218407461554972e+307

-------------------------------------1500---------------------------------------------------------------------

Timp citire date din fisier a_1500.txt: 3.846712827682495 secunde
Numar randuri: p = 1500
Numar coloane: n = 1500

Verificare simetrie matrice citita: True
Numarul maxim de valori nenule pe linie a matricii citite: 383

Timp determinare vectori si valori proprii a matricii citite: 20.76048493385315 secunde

Aproximare a valorii proprii de modul maxim a matricei citite A:
lambda = 2020.0000000000025

Aproximare vector propriu asociat acestei autovalori:
v = [-9.98886467e-001  4.84980209e-220  3.27244646e-003 ...  8.88925656e-010
  4.66651072e-010  2.44965534e-010]

Semn determinant = 1.0, Logaritm determinant = 10585.911987717023
Determinant |A - lambda * I| = 8.218407461554972e+307

Timp generare matrice aleatoare simetrica: 0.8866291046142578 secunde

Verificare simetrie matrice generata: True
Numarul maxim de valori nenule pe linie a matricii generate: 348

Timp determinare vectori si valori proprii a matricii generate: 91.63869738578796 secunde

Aproximare a valorii proprii de modul maxim a matricei generate:
lambda = -1.5625670001519123

Aproximare vector propriu asociat acestei autovalori:
v = [-0.0403389  -0.00810468 -0.02501849 ... -0.01372888  0.01875225
  0.03078296]

Semn determinant = 1.0, Logaritm determinant = 3531.4180107702227
Determinant |A - lambda * I| = 8.218407461554972e+307


-------------------------------------2020---------------------------------------------------------------------


Timp citire date din fisier a_2020.txt: 8.366625547409058 secunde
Numar randuri: p = 2020
Numar coloane: n = 2020

Verificare simetrie matrice citita: True
Numarul maxim de valori nenule pe linie a matricii citite: 503

Timp determinare vectori si valori proprii a matricii citite: 24.174343585968018 secunde

Aproximare a valorii proprii de modul maxim a matricei citite A:
lambda = 1998.5658916743798

Aproximare vector propriu asociat acestei autovalori:
v = [-8.88779412e-002  1.03929258e-148  2.43262308e-004 ...  1.20911117e-001
  2.06470343e-001  2.53849551e-001]

Semn determinant = -1.0, Logaritm determinant = 13229.03919011714
Determinant |A - lambda * I| = -8.218407461554972e+307

Timp generare matrice aleatoare simetrica: 1.6665430068969727 secunde

Verificare simetrie matrice generata: True
Numarul maxim de valori nenule pe linie a matricii generate: 463

Timp determinare vectori si valori proprii a matricii generate: 169.76893973350525 secunde

Aproximare a valorii proprii de modul maxim a matricei generate:
lambda = 0.7468894666615823

Aproximare vector propriu asociat acestei autovalori:
v = [ 0.00999267 -0.04433146  0.00939202 ...  0.01137181  0.0068872
 -0.01183206]

Semn determinant = 1.0, Logaritm determinant = 5046.827680991744
Determinant |A - lambda * I| = 8.218407461554972e+307