2020
151
130
224
95
258
16
135
1
216
104
144
88
185
166
227
170
212
163
107
-2
-7
168
113
6
96
162
135
187
192
160
50
17
52
-2
219
99
239
51
254
46
48
133
75
78
196
25
94
174
31
36
146
214
27
173
99
128
25
79
203
125
66
95
171
144
-12
45
119
105
126
79
105
-15
141
159
179
125
113
152
31
50
6
105
-8
10
7
124
217
156
206
44
107
97
67
-2
63
72
268
39
217
304
17
31
132
46
144
106
-12
59
41
36
241
235
162
46
164
92
23
88
111
141
43
190
209
81
261
219
92
81
209
10
159
210
46
125
223
68
169
76
189
109
99
45
145
121
140
238
198
88
105
101
121
170
30
187
227
158
27
113
267
209
152
163
90
202
18
36
45
12
73
122
67
45
168
108
97
3
115
186
77
102
26
17
277
39
90
17
177
266
19
246
67
249
74
38
135
26
27
43
144
69
160
72
208
-13
229
48
72
83
30
18
147
68
88
38
100
179
17
32
136
199
166
115
50
243
102
5
78
91
161
183
57
147
171
188
49
98
145
107
220
144
218
145
25
31
27
193
161
16
122
-14
58
146
185
105
177
8
38
130
72
42
231
-16
0
90
54
50
235
82
86
86
56
29
40
171
163
21
230
216
58
124
98
28
-4
175
25
142
232
53
204
269
181
243
137
240
139
142
13
89
199
184
120
5
30
17
111
164
196
243
164
221
85
113
-11
17
50
43
204
171
-3
58
131
121
139
153
118
49
70
54
208
113
122
25
168
57
152
44
124
169
213
86
69
35
-17
23
90
143
109
71
42
18
163
21
9
50
91
102
71
221
57
8
27
15
134
237
40
105
103
193
29
188
-11
286
13
69
49
131
64
171
308
144
122
199
88
46
144
203
209
74
246
100
105
280
7
259
187
197
159
68
74
51
197
128
143
136
37
268
123
78
205
101
180
93
143
126
84
185
221
62
44
141
171
4
5
251
16
226
109
245
98
37
141
154
240
148
47
90
92
37
25
156
38
93
155
127
74
109
137
175
96
218
74
30
229
108
144
74
19
76
202
36
51
100
36
135
166
84
7
187
71
22
60
126
69
22
22
145
55
175
14
191
159
161
26
92
108
52
193
111
114
172
140
225
195
113
175
185
100
134
170
231
100
240
27
206
180
103
127
14
100
170
123
14
-15
55
38
35
287
186
169
126
82
16
130
70
79
75
14
120
153
183
239
217
103
90
99
143
202
-6
36
194
150
-18
143
139
22
124
153
48
56
8
111
50
130
145
17
159
94
154
90
66
158
176
-7
43
198
267
160
119
17
58
51
71
125
0
37
39
230
136
107
27
48
217
21
185
56
179
19
163
26
98
125
175
95
225
78
155
105
119
1
71
107
80
230
166
74
100
157
122
189
65
95
89
-6
40
63
132
207
251
177
74
100
113
164
74
137
23
152
60
81
21
54
219
89
67
233
137
70
228
260
43
17
36
132
176
56
57
47
196
18
24
125
153
53
172
149
40
61
44
106
160
138
215
75
-10
69
31
77
194
59
26
143
8
68
70
9
112
104
225
165
68
199
7
19
61
195
104
41
60
67
170
15
69
7
207
114
175
83
116
28
-19
124
66
28
172
82
45
-7
58
162
91
169
270
233
3
19
149
-8
115
86
123
113
-6
106
158
113
129
101
152
55
139
225
27
145
43
86
217
95
79
29
303
165
116
136
114
162
71
113
233
144
203
77
115
62
-14
103
86
107
135
259
-3
-14
57
200
83
135
11
48
87
122
183
259
108
53
64
52
184
31
-5
-14
33
248
126
7
0
151
53
85
37
219
115
54
177
215
91
54
28
18
118
27
100
19
46
262
108
77
-2
279
184
24
179
89
95
-10
116
80
145
169
52
159
51
188
106
73
54
199
109
-18
181
18
115
127
22
224
147
67
230
48
51
86
-2
242
107
247
179
92
145
75
218
168
-19
71
19
121
98
174
109
12
127
119
105
26
146
126
23
102
92
54
242
90
63
71
121
144
209
67
2
114
49
161
14
87
28
206
30
68
181
117
35
226
36
26
149
151
-14
134
119
149
168
179
185
58
11
165
21
35
113
64
78
229
29
257
-3
-2
32
127
158
52
152
185
167
183
120
53
18
157
235
35
83
104
110
222
123
139
121
44
131
176
140
106
59
94
67
100
96
109
94
141
141
183
30
67
50
92
24
111
184
24
213
181
230
117
120
29
105
122
106
11
154
153
124
111
-12
151
94
114
169
58
4
9
-15
54
149
158
8
61
199
200
82
52
204
58
155
97
196
134
107
169
40
29
24
4
188
72
222
16
130
140
79
1
195
49
156
114
31
210
141
-18
145
112
184
24
101
44
35
101
51
122
18
5
9
-1
47
121
83
66
168
8
15
82
261
85
208
129
29
95
212
189
-14
-9
7
48
100
115
162
62
3
74
70
188
120
29
177
197
5
113
216
7
96
46
232
18
56
39
87
205
211
52
119
138
-12
26
30
151
15
133
47
192
43
161
-18
8
-19
138
-11
35
77
125
-1
196
35
210
128
189
0
126
53
52
113
68
101
126
145
113
9
211
154
67
24
70
71
17
129
58
-19
53
105
134
125
24
254
-5
109
15
235
29
245
142
238
-10
26
110
154
92
17
153
-19
-1
147
60
12
28
57
154
11
19
79
179
68
41
122
-11
105
143
161
8
113
135
196
58
102
82
68
181
109
62
150
46
97
-2
98
78
211
105
-17
138
39
129
45
68
78
145
181
181
105
133
218
61
72
-12
-10
-15
111
28
124
14
68
136
89
181
48
241
131
140
6
46
89
119
179
120
50
99
77
18
143
246
119
146
179
185
31
116
119
56
140
5
-6
-4
102
192
144
167
83
226
77
15
203
88
-17
21
164
-12
193
96
74
46
-11
202
71
140
84
36
197
-11
268
188
34
16
189
21
171
95
195
11
-16
199
82
216
-18
108
161
61
227
179
168
147
163
161
154
108
71
195
14
233
142
6
80
24
182
179
177
94
137
158
162
44
86
126
49
128
25
159
19
8
6
38
110
-10
94
213
175
154
165
88
191
175
195
63
76
138
55
55
127
213
73
56
243
52
-16
13
113
30
93
136
74
72
215
26
195
-9
249
94
128
108
4
111
28
233
306
118
145
196
11
158
163
249
25
84
1
22
45
211
189
70
13
214
209
51
167
21
218
250
181
245
14
111
74
58
114
237
28
65
237
6
44
3
158
91
204
124
102
-10
221
49
54
133
64
110
93
159
131
57
-10
52
195
79
188
149
121
180
27
43
83
1
308
107
93
19
130
105
61
90
73
25
-11
101
147
120
145
171
-11
19
145
241
194
67
41
55
39
36
3
57
93
95
232
95
122
51
187
5
2
187
99
172
144
86
205
23
96
11
148
78
50
149
60
144
262
136
98
218
45
6
18
95
228
113
37
191
201
185
-3
128
147
193
43
43
194
39
37
95
117
8
228
10
143
98
29
19
32
215
162
67
179
42
-10
27
118
118
111
151
143
119
66
213
-17
113
108
134
16
70
157
162
191
0
149
142
52
60
185
99
112
174
150
130
192
172
54
149
127
236
25
122
14
89
159
238
168
87
141
103
222
255
150
33
37
122
50
83
18
134
164
189
110
24
45
34
185
92
68
92
197
56
47
54
127
31
264
192
184
103
166
228
53
11
6
115
-5
114
39
94
152
125
245
99
200
19
40
39
110
22
59
126
-11
88
121
18
148
87
51
95
-15
-13
169
35
96
68
156
190
152
57
2
117
45
6
255
179
105
130
26
62
200
18
48
191
82
126
138
119
47
34
231
200
14
15
86
124
210
63
28
27
35
168
110
161
31
-6
149
122
223
155
1
90
118
27
37
184
146
86
162
108
35
16
174
133
237
41
111
122
143
72
80
212
67
109
121
235
27
17
118
69
148
114
176
105
85
262
212
44
134
156
102
58
210
136
54
18
15
-1
155
78
58
166
115
70
38
106
44
185
198
180
51
65
54
126
228
247
23
72
18
146
72
207
41
-14
32
54
-13
8
62
56
228
165
109
198
143
31
205
97
184
94
143
175
136
164
132
91
117
-14
26
160
15
38
244
23
149
69
109
141
139
94
162
90
151
159
153
130
168
8
11
186
95
165
62
175
-14
24
145
222
145
18
54
123
173
64
126
51
223
157
15
12
116
213
42
3
32
146
54
96
11
-5
194
51
102
13
174
99
112
181
186
54
54
66
46
55
143
130
45
83
95
50
-4
90
163
141
28
38
19
194
224
121
13
92
216
131
65
-9
136
246
119
168
194
249
21
-6
153
130
73
32
176
155
136
10
58
195
56
136
44
189
169
93
124
103
61
202
162
196
209
57
120
40
74
138
144
3
185
89
195
74
127
169
115
95
184
196
166
50
152
55
112
-1
54
118
24
56
76
123
60
190
17
260
124
42
114
6
134
239
-1
66
216
12
94
252
82
103
205
252
97
110
18
146
35
57
15
180
56
173
206
173
21
31
113
29
102
67
84
91
253
163
127
199
45
19
216
45
268
208
211
-14
40
19
64
72
182
3
184
193
206
103
212
27
75
129
107
157
170
186
68
119
-4
228
28
27
25
121
6
113
-11
8
183
179
50
218
-13
151
25
219
159
8
164
41
161
177
163
95
128
236
44
212
176
194
43